  96851 [1, 2]
  94426 [0, 5]
  81153 [1, 3]
  38439 [2, 3]
  23535 [1, 2, 3]
   4107 [1, 5]
   3360 [0, 1, 5]
   3240 [3, 5]
   2583 [0, 3, 5]
   2574 [4, 5]
   2006 [2, 5]
   1701 [0, 1, 2, 5]
   1569 [1, 2, 5]
   1540 [0, 2, 5]
   1327 [1, 3, 5]
   1253 [3, 4]
    999 [0, 1, 3, 5]
    996 [0, 4, 5]
    989 [0, 1]
    985 [1, 2, 3, 5]
    863 [0, 1, 2, 3, 5]
    651 [2, 3, 5]
    539 [0, 2, 3, 5]
    464 [0, 3]
    455 [1, 3, 4]
    447 [0, 2]
    372 [3, 4, 5]
    364 [1, 4]
    258 [0, 4]
    251 [1, 2, 3, 4, 5]
    245 [1, 3, 4, 5]
    235 [0, 3, 4, 5]
    214 [1, 2, 3, 4]
    205 [2, 3, 4, 5]
    179 [2, 3, 4]
    176 [0, 1, 3]
    168 [0, 1, 2]
    129 [0, 1, 2, 3, 4, 5]
    106 [0, 2, 3, 4, 5]
    103 [0, 1, 3, 4, 5]
     96 [2, 4]
     94 [0, 2, 3]
     90 [1, 4, 5]
     80 [1, 2, 4, 5]
     72 [0, 1, 2, 3]
     66 [2, 4, 5]
     66 [1, 2, 4]
     47 [0, 1, 4, 5]
     32 [0, 1, 2, 4, 5]
     31 [0, 2, 4, 5]
     15 [0, 2, 3, 4]
     13 [0, 1, 4]
     11 [0, 3, 4]
     11 [0, 1, 3, 4]
      6 [0, 1, 2, 3, 4]
      1 [0, 2, 4]
